5 2 29 259 254 424 -1 -1 -1 -1 
5 0 408 157 443 271 -1 -1 -1 -1 
5 0 437 203 479 366 -1 -1 -1 -1 
5 0 670 107 695 166 -1 -1 -1 -1 
5 0 525 110 542 157 -1 -1 -1 -1 
5 0 574 106 591 160 -1 -1 -1 -1 
5 5 675 53 743 137 -1 -1 -1 -1 
7 2 29 259 254 424 -1 -1 -1 -1 
7 0 408 158 443 272 -1 -1 -1 -1 
7 0 429 213 470 371 -1 -1 -1 -1 
7 0 674 107 699 166 -1 -1 -1 -1 
7 0 527 111 543 157 -1 -1 -1 -1 
7 0 574 106 591 160 -1 -1 -1 -1 
7 5 675 54 742 136 -1 -1 -1 -1 
9 2 29 259 254 424 -1 -1 -1 -1 
9 0 409 158 443 269 -1 -1 -1 -1 
9 0 422 217 464 374 -1 -1 -1 -1 
9 0 679 107 704 165 -1 -1 -1 -1 
9 0 530 111 546 156 -1 -1 -1 -1 
9 0 573 105 591 160 -1 -1 -1 -1 
9 5 675 54 741 136 -1 -1 -1 -1 
11 2 29 259 254 424 -1 -1 -1 -1 
11 0 414 158 440 242 -1 -1 -1 -1 
11 0 414 218 457 376 -1 -1 -1 -1 
11 0 682 107 707 165 -1 -1 -1 -1 
11 0 534 111 550 155 -1 -1 -1 -1 
11 0 574 105 591 160 -1 -1 -1 -1 
11 5 675 54 741 136 -1 -1 -1 -1 
11 7 781 123 869 199 -1 -1 -1 -1 
13 2 29 259 254 424 -1 -1 -1 -1 
13 0 415 157 441 240 -1 -1 -1 -1 
13 0 404 214 448 376 -1 -1 -1 -1 
13 0 684 107 708 164 -1 -1 -1 -1 
13 0 536 111 553 155 -1 -1 -1 -1 
13 0 574 105 591 160 -1 -1 -1 -1 
13 5 675 55 740 135 -1 -1 -1 -1 
13 7 781 122 868 198 -1 -1 -1 -1 
15 2 29 259 254 424 -1 -1 -1 -1 
15 0 414 156 446 258 -1 -1 -1 -1 
15 0 394 210 438 376 -1 -1 -1 -1 
15 0 687 105 712 164 -1 -1 -1 -1 
15 0 538 111 555 156 -1 -1 -1 -1 
15 0 574 105 591 160 -1 -1 -1 -1 
15 5 675 54 741 135 -1 -1 -1 -1 
15 7 781 122 867 197 -1 -1 -1 -1 
17 2 29 259 254 424 -1 -1 -1 -1 
17 0 414 156 448 265 -1 -1 -1 -1 
17 0 382 207 428 377 -1 -1 -1 -1 
17 0 691 106 716 164 -1 -1 -1 -1 
17 0 539 111 556 156 -1 -1 -1 -1 
17 0 574 105 591 160 -1 -1 -1 -1 
17 5 675 54 740 135 -1 -1 -1 -1 
17 7 781 122 866 196 -1 -1 -1 -1 
17 0 489 118 506 188 -1 -1 -1 -1 
19 2 29 259 254 424 -1 -1 -1 -1 
19 0 414 155 449 268 -1 -1 -1 -1 
19 0 370 210 417 379 -1 -1 -1 -1 
19 0 697 106 723 164 -1 -1 -1 -1 
19 0 540 111 557 156 -1 -1 -1 -1 
19 0 574 105 591 160 -1 -1 -1 -1 
19 5 676 55 740 134 -1 -1 -1 -1 
19 7 781 122 865 196 -1 -1 -1 -1 
19 0 489 118 506 189 -1 -1 -1 -1 
21 2 29 259 254 424 -1 -1 -1 -1 
21 0 414 156 449 270 -1 -1 -1 -1 
21 0 361 213 411 380 -1 -1 -1 -1 
21 0 701 106 726 164 -1 -1 -1 -1 
21 0 542 111 558 155 -1 -1 -1 -1 
21 0 574 106 591 160 -1 -1 -1 -1 
21 5 676 55 740 134 -1 -1 -1 -1 
21 7 780 122 865 196 -1 -1 -1 -1 
21 0 489 119 506 190 -1 -1 -1 -1 
23 2 29 259 254 424 -1 -1 -1 -1 
23 0 414 156 449 269 -1 -1 -1 -1 
23 0 355 216 407 382 -1 -1 -1 -1 
23 0 704 105 729 164 -1 -1 -1 -1 
23 0 543 110 560 156 -1 -1 -1 -1 
23 0 574 106 591 159 -1 -1 -1 -1 
23 5 676 55 740 134 -1 -1 -1 -1 
23 7 781 122 865 196 -1 -1 -1 -1 
23 0 490 121 506 189 -1 -1 -1 -1 
25 2 29 259 254 424 -1 -1 -1 -1 
25 0 414 156 449 269 -1 -1 -1 -1 
25 0 349 216 401 382 -1 -1 -1 -1 
25 0 705 103 731 164 -1 -1 -1 -1 
25 0 544 110 562 156 -1 -1 -1 -1 
25 0 574 105 591 159 -1 -1 -1 -1 
25 5 676 55 739 133 -1 -1 -1 -1 
25 7 781 122 865 195 -1 -1 -1 -1 
25 0 490 121 506 189 -1 -1 -1 -1 
27 2 29 259 254 424 -1 -1 -1 -1 
27 0 414 156 449 271 -1 -1 -1 -1 
27 0 340 213 393 384 -1 -1 -1 -1 
27 0 707 104 733 163 -1 -1 -1 -1 
27 0 545 109 563 156 -1 -1 -1 -1 
27 0 574 105 591 159 -1 -1 -1 -1 
27 5 676 55 739 132 -1 -1 -1 -1 
27 7 781 122 864 195 -1 -1 -1 -1 
27 0 490 121 506 189 -1 -1 -1 -1 
29 2 29 259 254 424 -1 -1 -1 -1 
29 0 414 156 449 272 -1 -1 -1 -1 
29 0 330 212 382 385 -1 -1 -1 -1 
29 0 710 105 735 163 -1 -1 -1 -1 
29 0 547 109 566 156 -1 -1 -1 -1 
29 0 574 104 591 159 -1 -1 -1 -1 
29 5 676 54 739 132 -1 -1 -1 -1 
29 2 781 123 863 194 -1 -1 -1 -1 
29 0 490 121 506 189 -1 -1 -1 -1 
31 2 29 259 254 424 -1 -1 -1 -1 
31 0 414 156 449 274 -1 -1 -1 -1 
31 0 320 217 371 386 -1 -1 -1 -1 
31 0 714 107 739 163 -1 -1 -1 -1 
31 0 550 108 568 156 -1 -1 -1 -1 
31 0 574 105 591 159 -1 -1 -1 -1 
31 5 676 54 738 132 -1 -1 -1 -1 
31 2 781 123 863 194 -1 -1 -1 -1 
33 2 29 259 254 424 -1 -1 -1 -1 
33 0 414 157 449 276 -1 -1 -1 -1 
33 0 309 222 361 389 -1 -1 -1 -1 
33 0 718 110 742 164 -1 -1 -1 -1 
33 0 552 108 572 159 -1 -1 -1 -1 
33 0 574 105 592 159 -1 -1 -1 -1 
33 5 675 54 738 133 -1 -1 -1 -1 
33 2 781 123 863 194 -1 -1 -1 -1 
33 0 659 93 675 142 -1 -1 -1 -1 
35 2 29 259 254 424 -1 -1 -1 -1 
35 0 414 157 448 277 -1 -1 -1 -1 
35 0 301 226 356 394 -1 -1 -1 -1 
35 0 722 111 745 164 -1 -1 -1 -1 
35 0 553 107 573 159 -1 -1 -1 -1 
35 0 574 105 592 159 -1 -1 -1 -1 
35 5 676 54 739 135 -1 -1 -1 -1 
35 2 781 123 862 194 -1 -1 -1 -1 
35 0 661 93 676 141 -1 -1 -1 -1 
35 0 487 125 502 189 -1 -1 -1 -1 
37 2 29 259 254 424 -1 -1 -1 -1 
37 0 414 157 447 277 -1 -1 -1 -1 
37 0 296 227 351 396 -1 -1 -1 -1 
37 0 555 107 574 159 -1 -1 -1 -1 
37 0 574 105 592 159 -1 -1 -1 -1 
37 5 676 54 740 135 -1 -1 -1 -1 
37 7 780 123 862 195 -1 -1 -1 -1 
37 0 663 93 680 142 -1 -1 -1 -1 
37 0 487 126 502 189 -1 -1 -1 -1 
39 2 29 259 254 424 -1 -1 -1 -1 
39 0 414 158 447 276 -1 -1 -1 -1 
39 0 288 225 343 397 -1 -1 -1 -1 
39 0 557 106 576 158 -1 -1 -1 -1 
39 0 574 106 592 159 -1 -1 -1 -1 
39 5 677 54 741 135 -1 -1 -1 -1 
39 7 780 123 862 195 -1 -1 -1 -1 
39 0 666 91 682 142 -1 -1 -1 -1 
39 0 487 127 502 190 -1 -1 -1 -1 
41 2 29 259 254 424 -1 -1 -1 -1 
41 0 413 158 446 276 -1 -1 -1 -1 
41 0 278 224 333 398 -1 -1 -1 -1 
41 0 559 107 577 157 -1 -1 -1 -1 
41 0 574 106 592 160 -1 -1 -1 -1 
41 5 677 54 741 135 -1 -1 -1 -1 
41 7 780 124 862 195 -1 -1 -1 -1 
41 0 669 93 686 143 -1 -1 -1 -1 
41 0 487 128 501 191 -1 -1 -1 -1 
41 0 728 101 756 164 -1 -1 -1 -1 
43 2 29 259 254 424 -1 -1 -1 -1 
43 0 413 158 446 276 -1 -1 -1 -1 
43 0 268 223 322 398 -1 -1 -1 -1 
43 0 561 107 579 157 -1 -1 -1 -1 
43 0 574 106 592 160 -1 -1 -1 -1 
43 5 679 54 740 133 -1 -1 -1 -1 
43 2 781 124 861 194 -1 -1 -1 -1 
43 0 672 93 689 143 -1 -1 -1 -1 
43 0 728 99 757 164 -1 -1 -1 -1 
45 2 29 259 254 424 -1 -1 -1 -1 
45 0 413 159 445 277 -1 -1 -1 -1 
45 0 255 224 311 399 -1 -1 -1 -1 
45 0 575 106 592 159 -1 -1 -1 -1 
45 5 679 54 740 132 -1 -1 -1 -1 
45 2 781 124 862 194 -1 -1 -1 -1 
45 0 674 93 691 143 -1 -1 -1 -1 
47 2 30 259 254 424 -1 -1 -1 -1 
47 0 413 159 445 277 -1 -1 -1 -1 
47 0 245 227 303 402 -1 -1 -1 -1 
47 0 574 106 591 159 -1 -1 -1 -1 
47 5 678 53 740 134 -1 -1 -1 -1 
47 2 782 124 862 193 -1 -1 -1 -1 
49 2 29 259 253 424 -1 -1 -1 -1 
49 0 413 159 445 277 -1 -1 -1 -1 
49 0 239 230 299 405 -1 -1 -1 -1 
49 0 574 106 591 159 -1 -1 -1 -1 
49 5 678 53 740 134 -1 -1 -1 -1 
49 2 782 124 862 193 -1 -1 -1 -1 
49 0 746 124 770 163 -1 -1 -1 -1 
51 2 27 259 249 422 -1 -1 -1 -1 
51 0 414 158 445 277 -1 -1 -1 -1 
51 0 233 230 295 407 -1 -1 -1 -1 
51 0 574 106 591 159 -1 -1 -1 -1 
51 5 679 53 740 134 -1 -1 -1 -1 
51 2 782 124 862 193 -1 -1 -1 -1 
51 0 748 124 772 162 -1 -1 -1 -1 
53 2 25 258 244 421 -1 -1 -1 -1 
53 0 414 158 445 276 -1 -1 -1 -1 
53 0 224 229 286 408 -1 -1 -1 -1 
53 0 573 105 591 159 -1 -1 -1 -1 
53 5 675 53 738 135 -1 -1 -1 -1 
53 7 781 124 862 195 -1 -1 -1 -1 
53 0 750 125 774 163 -1 -1 -1 -1 
55 2 20 258 238 421 -1 -1 -1 -1 
55 0 415 158 445 275 -1 -1 -1 -1 
55 0 212 228 272 408 -1 -1 -1 -1 
55 0 573 105 591 160 -1 -1 -1 -1 
55 5 674 53 738 135 -1 -1 -1 -1 
55 7 780 124 862 195 -1 -1 -1 -1 
55 0 752 126 775 163 -1 -1 -1 -1 
55 0 687 94 708 145 -1 -1 -1 -1 
57 2 17 258 232 421 -1 -1 -1 -1 
57 0 415 158 445 274 -1 -1 -1 -1 
57 0 203 228 262 409 -1 -1 -1 -1 
57 0 573 104 591 160 -1 -1 -1 -1 
57 7 780 124 862 195 -1 -1 -1 -1 
57 0 692 94 711 144 -1 -1 -1 -1 
59 2 16 258 227 421 -1 -1 -1 -1 
59 0 416 157 446 274 -1 -1 -1 -1 
59 0 192 234 251 413 -1 -1 -1 -1 
59 0 573 104 591 160 -1 -1 -1 -1 
59 7 781 124 862 196 -1 -1 -1 -1 
59 0 695 93 715 144 -1 -1 -1 -1 
61 2 23 258 234 421 -1 -1 -1 -1 
61 0 416 157 446 275 -1 -1 -1 -1 
61 0 183 238 244 418 -1 -1 -1 -1 
61 0 573 103 591 160 -1 -1 -1 -1 
61 5 676 53 738 133 -1 -1 -1 -1 
61 7 782 124 862 195 -1 -1 -1 -1 
61 0 699 95 718 144 -1 -1 -1 -1 
63 2 31 258 243 421 -1 -1 -1 -1 
63 0 417 156 446 274 -1 -1 -1 -1 
63 0 173 239 235 420 -1 -1 -1 -1 
63 0 573 103 592 160 -1 -1 -1 -1 
63 5 676 53 738 133 -1 -1 -1 -1 
63 7 782 124 862 195 -1 -1 -1 -1 
63 0 702 96 721 145 -1 -1 -1 -1 
63 0 764 123 786 162 -1 -1 -1 -1 
65 2 33 258 245 420 -1 -1 -1 -1 
65 0 418 156 447 272 -1 -1 -1 -1 
65 0 574 104 592 160 -1 -1 -1 -1 
65 7 781 124 862 195 -1 -1 -1 -1 
65 0 704 97 724 145 -1 -1 -1 -1 
65 0 766 123 787 161 -1 -1 -1 -1 
67 2 35 258 248 420 -1 -1 -1 -1 
67 0 418 156 447 272 -1 -1 -1 -1 
67 0 574 104 593 160 -1 -1 -1 -1 
67 5 678 53 737 129 -1 -1 -1 -1 
67 7 779 124 860 194 -1 -1 -1 -1 
67 0 706 95 726 146 -1 -1 -1 -1 
67 0 767 123 788 160 -1 -1 -1 -1 
69 2 33 258 247 420 -1 -1 -1 -1 
69 0 419 156 448 272 -1 -1 -1 -1 
69 0 575 104 593 160 -1 -1 -1 -1 
69 5 677 54 738 132 -1 -1 -1 -1 
69 7 779 124 860 194 -1 -1 -1 -1 
69 0 708 96 729 146 -1 -1 -1 -1 
71 2 33 258 249 420 -1 -1 -1 -1 
71 0 420 157 450 272 -1 -1 -1 -1 
71 0 129 240 192 424 -1 -1 -1 -1 
71 0 575 104 594 160 -1 -1 -1 -1 
71 5 676 54 738 135 -1 -1 -1 -1 
71 7 779 124 860 194 -1 -1 -1 -1 
73 2 32 256 254 423 -1 -1 -1 -1 
73 0 421 157 452 273 -1 -1 -1 -1 
73 0 124 245 187 423 -1 -1 -1 -1 
73 0 575 104 594 160 -1 -1 -1 -1 
73 5 676 54 739 136 -1 -1 -1 -1 
73 7 779 124 860 194 -1 -1 -1 -1 
73 0 487 128 501 191 -1 -1 -1 -1 
75 2 30 254 252 421 -1 -1 -1 -1 
75 0 421 157 452 272 -1 -1 -1 -1 
75 0 113 250 178 427 -1 -1 -1 -1 
75 0 574 104 594 160 -1 -1 -1 -1 
75 5 676 54 737 134 -1 -1 -1 -1 
75 7 779 124 861 194 -1 -1 -1 -1 
75 0 487 128 501 191 -1 -1 -1 -1 
77 2 30 252 250 418 -1 -1 -1 -1 
77 0 422 157 454 273 -1 -1 -1 -1 
77 0 102 250 171 430 -1 -1 -1 -1 
77 0 574 104 593 160 -1 -1 -1 -1 
77 5 676 54 737 134 -1 -1 -1 -1 
77 7 780 124 860 194 -1 -1 -1 -1 
79 2 33 253 245 411 -1 -1 -1 -1 
79 0 423 157 455 273 -1 -1 -1 -1 
79 0 93 251 162 432 -1 -1 -1 -1 
79 0 574 104 594 160 -1 -1 -1 -1 
79 5 676 54 738 136 -1 -1 -1 -1 
79 7 779 124 860 194 -1 -1 -1 -1 
81 2 35 256 245 410 -1 -1 -1 -1 
81 0 424 157 457 273 -1 -1 -1 -1 
81 0 575 104 594 160 -1 -1 -1 -1 
81 5 676 54 740 137 -1 -1 -1 -1 
81 7 779 124 861 193 -1 -1 -1 -1 
83 2 33 256 247 413 -1 -1 -1 -1 
83 0 425 157 458 273 -1 -1 -1 -1 
83 0 573 104 592 160 -1 -1 -1 -1 
83 5 677 53 740 138 -1 -1 -1 -1 
83 7 779 124 861 194 -1 -1 -1 -1 
85 2 30 255 246 413 -1 -1 -1 -1 
85 0 425 157 459 271 -1 -1 -1 -1 
85 0 573 104 592 159 -1 -1 -1 -1 
85 5 677 53 740 138 -1 -1 -1 -1 
85 7 779 124 861 194 -1 -1 -1 -1 
87 2 31 256 249 415 -1 -1 -1 -1 
87 0 427 157 460 271 -1 -1 -1 -1 
87 0 47 256 119 440 -1 -1 -1 -1 
87 0 573 104 592 159 -1 -1 -1 -1 
87 5 676 53 739 138 -1 -1 -1 -1 
87 7 779 124 861 194 -1 -1 -1 -1 
87 0 589 102 603 152 -1 -1 -1 -1 
89 2 23 256 255 426 -1 -1 -1 -1 
89 0 428 157 461 270 -1 -1 -1 -1 
89 0 37 257 109 441 -1 -1 -1 -1 
89 0 573 105 591 159 -1 -1 -1 -1 
89 5 676 53 739 138 -1 -1 -1 -1 
89 7 779 124 861 193 -1 -1 -1 -1 
89 0 590 101 604 151 -1 -1 -1 -1 
91 2 24 256 255 427 -1 -1 -1 -1 
91 0 429 157 462 269 -1 -1 -1 -1 
91 0 573 105 592 159 -1 -1 -1 -1 
91 5 676 53 739 138 -1 -1 -1 -1 
91 7 779 124 861 193 -1 -1 -1 -1 
91 0 591 101 604 150 -1 -1 -1 -1 
93 2 32 257 259 425 -1 -1 -1 -1 
93 0 429 158 463 272 -1 -1 -1 -1 
93 0 573 105 592 159 -1 -1 -1 -1 
93 5 676 53 739 138 -1 -1 -1 -1 
93 7 779 124 861 193 -1 -1 -1 -1 
93 0 593 101 606 146 -1 -1 -1 -1 
95 2 35 257 257 422 -1 -1 -1 -1 
95 0 430 158 464 273 -1 -1 -1 -1 
95 0 574 105 592 159 -1 -1 -1 -1 
95 5 676 53 739 138 -1 -1 -1 -1 
95 7 779 124 861 193 -1 -1 -1 -1 
95 0 594 101 606 145 -1 -1 -1 -1 
97 2 33 258 254 422 -1 -1 -1 -1 
97 0 431 159 465 273 -1 -1 -1 -1 
97 0 573 105 592 159 -1 -1 -1 -1 
97 5 676 53 739 139 -1 -1 -1 -1 
97 7 779 124 861 193 -1 -1 -1 -1 
97 0 595 101 608 145 -1 -1 -1 -1 
99 2 31 258 253 422 -1 -1 -1 -1 
99 0 431 159 466 272 -1 -1 -1 -1 
99 0 574 105 592 159 -1 -1 -1 -1 
99 5 676 53 739 139 -1 -1 -1 -1 
99 7 779 124 861 193 -1 -1 -1 -1 
99 0 597 102 609 142 -1 -1 -1 -1 
101 2 31 259 253 423 -1 -1 -1 -1 
101 0 431 159 466 272 -1 -1 -1 -1 
101 0 574 105 592 159 -1 -1 -1 -1 
101 5 676 53 739 139 -1 -1 -1 -1 
101 7 779 124 861 193 -1 -1 -1 -1 
101 0 599 101 611 139 -1 -1 -1 -1 
103 2 30 259 253 423 -1 -1 -1 -1 
103 0 431 159 466 272 -1 -1 -1 -1 
103 0 574 105 592 159 -1 -1 -1 -1 
103 5 676 53 739 139 -1 -1 -1 -1 
103 7 777 124 860 194 -1 -1 -1 -1 
103 0 600 100 613 139 -1 -1 -1 -1 
105 2 31 259 252 422 -1 -1 -1 -1 
105 0 431 159 466 271 -1 -1 -1 -1 
105 0 573 105 591 159 -1 -1 -1 -1 
105 5 677 53 738 139 -1 -1 -1 -1 
105 7 778 124 861 194 -1 -1 -1 -1 
105 0 601 100 614 139 -1 -1 -1 -1 
107 2 30 259 253 422 -1 -1 -1 -1 
107 0 432 159 467 271 -1 -1 -1 -1 
107 0 573 105 591 159 -1 -1 -1 -1 
107 5 676 52 739 139 -1 -1 -1 -1 
107 7 777 124 860 194 -1 -1 -1 -1 
107 0 602 100 615 138 -1 -1 -1 -1 
109 2 31 259 253 422 -1 -1 -1 -1 
109 0 432 159 467 271 -1 -1 -1 -1 
109 0 573 105 591 159 -1 -1 -1 -1 
109 5 676 52 739 139 -1 -1 -1 -1 
109 7 778 124 861 194 -1 -1 -1 -1 
109 0 604 101 617 139 -1 -1 -1 -1 
111 2 38 259 245 408 -1 -1 -1 -1 
111 0 432 159 467 271 -1 -1 -1 -1 
111 0 573 105 591 159 -1 -1 -1 -1 
111 5 677 51 739 139 -1 -1 -1 -1 
111 7 778 124 860 193 -1 -1 -1 -1 
111 0 606 101 619 138 -1 -1 -1 -1 
111 2 56 393 267 651 -1 -1 -1 -1 
113 2 46 259 236 393 -1 -1 -1 -1 
113 0 432 159 467 271 -1 -1 -1 -1 
113 0 573 105 591 160 -1 -1 -1 -1 
113 5 677 51 739 139 -1 -1 -1 -1 
113 7 778 124 860 193 -1 -1 -1 -1 
113 0 608 99 622 138 -1 -1 -1 -1 
113 2 71 378 295 648 -1 -1 -1 -1 
115 2 51 259 231 382 -1 -1 -1 -1 
115 0 432 159 467 271 -1 -1 -1 -1 
115 0 573 106 591 160 -1 -1 -1 -1 
115 5 677 52 739 139 -1 -1 -1 -1 
115 7 778 124 859 192 -1 -1 -1 -1 
115 0 609 98 624 137 -1 -1 -1 -1 
115 2 86 361 317 634 -1 -1 -1 -1 
117 2 38 258 244 399 -1 -1 -1 -1 
117 0 432 159 467 271 -1 -1 -1 -1 
117 0 573 106 592 160 -1 -1 -1 -1 
117 5 678 53 738 138 -1 -1 -1 -1 
117 7 777 124 858 192 -1 -1 -1 -1 
117 0 609 96 624 137 -1 -1 -1 -1 
117 2 107 350 337 610 -1 -1 -1 -1 
119 2 29 258 253 412 -1 -1 -1 -1 
119 0 431 159 467 271 -1 -1 -1 -1 
119 0 573 105 592 160 -1 -1 -1 -1 
119 5 678 53 738 138 -1 -1 -1 -1 
119 2 777 123 857 190 -1 -1 -1 -1 
119 0 610 96 626 137 -1 -1 -1 -1 
119 2 141 339 369 587 -1 -1 -1 -1 
121 2 24 258 257 420 -1 -1 -1 -1 
121 0 431 159 467 271 -1 -1 -1 -1 
121 0 573 105 591 160 -1 -1 -1 -1 
121 5 677 53 739 138 -1 -1 -1 -1 
121 2 777 123 857 190 -1 -1 -1 -1 
121 2 180 329 407 568 -1 -1 -1 -1 
123 2 22 258 258 423 -1 -1 -1 -1 
123 0 431 159 467 271 -1 -1 -1 -1 
123 0 573 105 591 160 -1 -1 -1 -1 
123 5 677 53 739 138 -1 -1 -1 -1 
123 2 777 122 856 190 -1 -1 -1 -1 
123 2 216 319 444 550 -1 -1 -1 -1 
125 2 23 259 259 424 -1 -1 -1 -1 
125 0 432 159 467 270 -1 -1 -1 -1 
125 0 573 105 592 160 -1 -1 -1 -1 
125 5 678 53 738 138 -1 -1 -1 -1 
125 2 776 122 856 189 -1 -1 -1 -1 
125 2 249 310 478 533 -1 -1 -1 -1 
127 2 24 259 259 424 -1 -1 -1 -1 
127 0 432 159 467 270 -1 -1 -1 -1 
127 0 573 105 592 160 -1 -1 -1 -1 
127 5 678 53 738 138 -1 -1 -1 -1 
127 2 776 122 855 189 -1 -1 -1 -1 
127 0 610 95 627 141 -1 -1 -1 -1 
127 2 285 301 508 511 -1 -1 -1 -1 
129 2 25 259 258 423 -1 -1 -1 -1 
129 0 432 159 467 270 -1 -1 -1 -1 
129 0 573 105 592 160 -1 -1 -1 -1 
129 5 677 53 738 138 -1 -1 -1 -1 
129 2 776 122 855 189 -1 -1 -1 -1 
129 0 609 95 629 148 -1 -1 -1 -1 
129 2 318 293 539 495 -1 -1 -1 -1 
131 2 25 259 258 423 -1 -1 -1 -1 
131 0 432 159 468 271 -1 -1 -1 -1 
131 0 573 106 592 160 -1 -1 -1 -1 
131 5 677 53 737 137 -1 -1 -1 -1 
131 2 776 122 854 188 -1 -1 -1 -1 
131 0 608 96 630 155 -1 -1 -1 -1 
131 2 346 285 570 486 -1 -1 -1 -1 
133 2 26 259 257 423 -1 -1 -1 -1 
133 0 432 159 468 271 -1 -1 -1 -1 
133 0 573 105 592 160 -1 -1 -1 -1 
133 5 677 53 737 137 -1 -1 -1 -1 
133 2 776 122 853 188 -1 -1 -1 -1 
133 0 608 96 632 163 -1 -1 -1 -1 
133 2 373 278 596 473 -1 -1 -1 -1 
135 2 26 259 257 423 -1 -1 -1 -1 
135 0 432 159 468 271 -1 -1 -1 -1 
135 0 573 105 592 160 -1 -1 -1 -1 
135 5 677 53 737 137 -1 -1 -1 -1 
135 2 776 122 853 187 -1 -1 -1 -1 
135 0 608 95 634 164 -1 -1 -1 -1 
135 2 401 273 619 460 -1 -1 -1 -1 
137 2 26 259 257 423 -1 -1 -1 -1 
137 0 431 159 468 273 -1 -1 -1 -1 
137 0 573 105 592 160 -1 -1 -1 -1 
137 5 677 54 738 137 -1 -1 -1 -1 
137 2 775 122 853 187 -1 -1 -1 -1 
137 0 608 96 633 164 -1 -1 -1 -1 
137 2 425 266 642 449 -1 -1 -1 -1 
139 2 27 259 256 423 -1 -1 -1 -1 
139 0 431 159 468 273 -1 -1 -1 -1 
139 0 573 105 592 160 -1 -1 -1 -1 
139 5 677 54 737 137 -1 -1 -1 -1 
139 2 775 122 852 187 -1 -1 -1 -1 
139 0 609 96 635 166 -1 -1 -1 -1 
139 2 449 259 662 437 -1 -1 -1 -1 
141 2 27 259 256 423 -1 -1 -1 -1 
141 0 431 159 468 273 -1 -1 -1 -1 
141 5 677 54 737 137 -1 -1 -1 -1 
141 2 774 122 851 187 -1 -1 -1 -1 
141 2 471 254 680 426 -1 -1 -1 -1 
143 2 27 259 256 423 -1 -1 -1 -1 
143 0 431 159 468 273 -1 -1 -1 -1 
143 5 676 54 738 138 -1 -1 -1 -1 
143 2 774 122 850 186 -1 -1 -1 -1 
143 2 491 248 699 418 -1 -1 -1 -1 
145 2 27 259 256 423 -1 -1 -1 -1 
145 0 431 159 468 273 -1 -1 -1 -1 
145 0 572 104 591 160 -1 -1 -1 -1 
145 5 676 54 737 138 -1 -1 -1 -1 
145 2 774 122 850 186 -1 -1 -1 -1 
145 2 511 243 716 410 -1 -1 -1 -1 
147 2 28 259 255 423 -1 -1 -1 -1 
147 0 431 159 468 273 -1 -1 -1 -1 
147 0 573 104 591 160 -1 -1 -1 -1 
147 5 676 54 737 138 -1 -1 -1 -1 
147 2 774 122 849 186 -1 -1 -1 -1 
147 2 530 238 730 399 -1 -1 -1 -1 
149 2 28 259 255 423 -1 -1 -1 -1 
149 0 431 159 468 273 -1 -1 -1 -1 
149 0 573 104 591 160 -1 -1 -1 -1 
149 5 676 54 737 138 -1 -1 -1 -1 
149 2 774 122 848 185 -1 -1 -1 -1 
149 2 548 234 745 392 -1 -1 -1 -1 
151 2 28 259 255 423 -1 -1 -1 -1 
151 0 431 159 468 273 -1 -1 -1 -1 
151 0 572 104 591 160 -1 -1 -1 -1 
151 5 676 54 737 138 -1 -1 -1 -1 
151 2 773 122 848 184 -1 -1 -1 -1 
151 2 563 230 758 387 -1 -1 -1 -1 
153 2 28 259 255 423 -1 -1 -1 -1 
153 0 432 159 468 272 -1 -1 -1 -1 
153 0 572 104 591 160 -1 -1 -1 -1 
153 5 676 53 738 138 -1 -1 -1 -1 
153 2 774 123 847 184 -1 -1 -1 -1 
153 2 581 226 767 375 -1 -1 -1 -1 
155 2 28 259 255 423 -1 -1 -1 -1 
155 0 432 159 467 272 -1 -1 -1 -1 
155 0 573 104 591 160 -1 -1 -1 -1 
155 5 676 53 738 138 -1 -1 -1 -1 
155 2 774 123 846 183 -1 -1 -1 -1 
155 2 591 222 775 370 -1 -1 -1 -1 
157 2 28 259 255 424 -1 -1 -1 -1 
157 0 431 159 468 272 -1 -1 -1 -1 
157 0 572 104 591 160 -1 -1 -1 -1 
157 5 676 53 738 138 -1 -1 -1 -1 
157 2 774 123 844 181 -1 -1 -1 -1 
157 2 601 219 780 365 -1 -1 -1 -1 
159 2 28 259 255 424 -1 -1 -1 -1 
159 0 432 159 467 272 -1 -1 -1 -1 
159 0 573 104 591 160 -1 -1 -1 -1 
159 5 676 52 739 139 -1 -1 -1 -1 
159 2 774 124 844 180 -1 -1 -1 -1 
159 2 612 215 786 358 -1 -1 -1 -1 
161 2 28 259 255 424 -1 -1 -1 -1 
161 0 432 159 467 272 -1 -1 -1 -1 
161 0 573 105 591 160 -1 -1 -1 -1 
161 5 676 52 738 139 -1 -1 -1 -1 
161 2 774 124 843 179 -1 -1 -1 -1 
161 2 623 211 791 352 -1 -1 -1 -1 
163 2 29 259 254 423 -1 -1 -1 -1 
163 0 431 159 468 272 -1 -1 -1 -1 
163 0 573 105 591 160 -1 -1 -1 -1 
163 5 676 52 739 139 -1 -1 -1 -1 
163 2 773 124 842 178 -1 -1 -1 -1 
163 2 636 208 796 344 -1 -1 -1 -1 
163 0 625 115 642 155 -1 -1 -1 -1 
165 2 28 259 255 423 -1 -1 -1 -1 
165 0 432 159 467 272 -1 -1 -1 -1 
165 0 573 106 591 160 -1 -1 -1 -1 
165 5 675 50 740 139 -1 -1 -1 -1 
165 2 773 124 842 178 -1 -1 -1 -1 
165 0 611 102 626 138 -1 -1 -1 -1 
165 2 646 204 801 338 -1 -1 -1 -1 
165 0 625 114 642 155 -1 -1 -1 -1 
167 2 28 259 255 424 -1 -1 -1 -1 
167 0 431 159 468 272 -1 -1 -1 -1 
167 0 573 106 591 160 -1 -1 -1 -1 
167 5 676 50 739 139 -1 -1 -1 -1 
167 2 773 124 841 177 -1 -1 -1 -1 
167 0 612 102 625 137 -1 -1 -1 -1 
167 2 659 201 803 328 -1 -1 -1 -1 
169 2 29 259 254 424 -1 -1 -1 -1 
169 0 432 159 467 272 -1 -1 -1 -1 
169 0 573 105 591 160 -1 -1 -1 -1 
169 5 676 50 740 139 -1 -1 -1 -1 
169 2 773 124 841 176 -1 -1 -1 -1 
169 2 671 198 809 322 -1 -1 -1 -1 
171 2 29 259 254 424 -1 -1 -1 -1 
171 0 432 159 467 272 -1 -1 -1 -1 
171 0 573 105 591 160 -1 -1 -1 -1 
171 5 676 51 739 139 -1 -1 -1 -1 
171 2 772 124 841 176 -1 -1 -1 -1 
171 2 681 195 812 315 -1 -1 -1 -1 
173 2 29 259 254 424 -1 -1 -1 -1 
173 0 431 159 468 272 -1 -1 -1 -1 
173 0 573 105 590 160 -1 -1 -1 -1 
173 5 677 52 739 139 -1 -1 -1 -1 
173 2 772 124 840 176 -1 -1 -1 -1 
173 2 689 193 815 310 -1 -1 -1 -1 
175 2 29 259 254 424 -1 -1 -1 -1 
175 0 432 159 467 272 -1 -1 -1 -1 
175 0 573 105 591 160 -1 -1 -1 -1 
175 5 677 52 739 138 -1 -1 -1 -1 
175 2 771 124 840 175 -1 -1 -1 -1 
175 2 697 189 820 306 -1 -1 -1 -1 
177 2 29 259 254 424 -1 -1 -1 -1 
177 0 432 159 467 272 -1 -1 -1 -1 
177 0 573 105 591 160 -1 -1 -1 -1 
177 5 677 52 738 138 -1 -1 -1 -1 
177 2 771 124 839 175 -1 -1 -1 -1 
177 2 705 187 822 301 -1 -1 -1 -1 
179 2 29 259 254 424 -1 -1 -1 -1 
179 0 432 159 467 272 -1 -1 -1 -1 
179 0 573 106 591 160 -1 -1 -1 -1 
179 5 677 52 738 138 -1 -1 -1 -1 
179 2 770 123 838 174 -1 -1 -1 -1 
179 2 712 185 825 296 -1 -1 -1 -1 
179 0 633 95 651 131 -1 -1 -1 -1 
181 2 29 259 254 424 -1 -1 -1 -1 
181 0 432 159 467 271 -1 -1 -1 -1 
181 0 573 106 591 160 -1 -1 -1 -1 
181 5 677 53 738 137 -1 -1 -1 -1 
181 2 770 123 837 173 -1 -1 -1 -1 
181 2 722 183 831 293 -1 -1 -1 -1 
181 0 634 94 652 132 -1 -1 -1 -1 
183 2 29 259 254 424 -1 -1 -1 -1 
183 0 431 159 467 271 -1 -1 -1 -1 
183 0 573 106 590 160 -1 -1 -1 -1 
183 5 677 52 739 138 -1 -1 -1 -1 
183 2 771 123 836 172 -1 -1 -1 -1 
183 2 730 178 838 287 -1 -1 -1 -1 
183 0 634 93 653 133 -1 -1 -1 -1 
185 2 29 259 254 424 -1 -1 -1 -1 
185 0 431 159 467 271 -1 -1 -1 -1 
185 0 573 105 591 160 -1 -1 -1 -1 
185 5 677 52 738 138 -1 -1 -1 -1 
185 2 770 123 835 171 -1 -1 -1 -1 
185 2 737 175 844 285 -1 -1 -1 -1 
185 0 635 93 653 131 -1 -1 -1 -1 
187 2 29 259 254 424 -1 -1 -1 -1 
187 0 431 159 467 271 -1 -1 -1 -1 
187 0 573 105 591 160 -1 -1 -1 -1 
187 5 677 52 738 138 -1 -1 -1 -1 
187 2 770 123 834 171 -1 -1 -1 -1 
187 2 763 173 846 252 -1 -1 -1 -1 
187 0 636 94 654 132 -1 -1 -1 -1 
189 2 29 259 254 424 -1 -1 -1 -1 
189 0 431 159 467 271 -1 -1 -1 -1 
189 0 573 104 591 160 -1 -1 -1 -1 
189 5 677 52 738 138 -1 -1 -1 -1 
189 2 769 123 833 170 -1 -1 -1 -1 
189 2 765 175 836 240 -1 -1 -1 -1 
189 0 637 94 655 132 -1 -1 -1 -1 
191 2 29 259 254 424 -1 -1 -1 -1 
191 0 431 159 467 271 -1 -1 -1 -1 
191 0 573 104 591 160 -1 -1 -1 -1 
191 5 677 53 738 137 -1 -1 -1 -1 
191 2 768 123 833 169 -1 -1 -1 -1 
191 2 768 175 837 237 -1 -1 -1 -1 
193 2 29 259 254 424 -1 -1 -1 -1 
193 0 431 159 467 271 -1 -1 -1 -1 
193 0 573 104 591 160 -1 -1 -1 -1 
193 5 677 52 738 137 -1 -1 -1 -1 
193 2 768 123 832 169 -1 -1 -1 -1 
193 2 771 174 836 231 -1 -1 -1 -1 
193 0 639 92 658 133 -1 -1 -1 -1 
195 2 29 259 254 424 -1 -1 -1 -1 
195 0 431 159 467 271 -1 -1 -1 -1 
195 0 573 104 591 160 -1 -1 -1 -1 
195 5 677 52 738 137 -1 -1 -1 -1 
195 2 769 123 831 168 -1 -1 -1 -1 
195 2 772 171 840 230 -1 -1 -1 -1 
195 0 640 91 659 134 -1 -1 -1 -1 
197 2 29 259 254 424 -1 -1 -1 -1 
197 0 431 159 468 271 -1 -1 -1 -1 
197 0 573 104 591 160 -1 -1 -1 -1 
197 5 677 52 738 137 -1 -1 -1 -1 
197 2 769 123 830 167 -1 -1 -1 -1 
197 2 776 169 842 226 -1 -1 -1 -1 
197 0 640 90 660 135 -1 -1 -1 -1 
199 2 29 259 254 424 -1 -1 -1 -1 
199 0 431 159 467 271 -1 -1 -1 -1 
199 0 573 104 591 160 -1 -1 -1 -1 
199 5 677 51 739 137 -1 -1 -1 -1 
199 2 769 123 830 166 -1 -1 -1 -1 
199 2 779 167 846 223 -1 -1 -1 -1 
201 2 29 259 254 424 -1 -1 -1 -1 
201 0 431 159 468 272 -1 -1 -1 -1 
201 0 573 104 591 160 -1 -1 -1 -1 
201 5 677 52 739 137 -1 -1 -1 -1 
201 2 769 123 829 166 -1 -1 -1 -1 
201 2 782 163 852 220 -1 -1 -1 -1 
203 2 29 259 254 424 -1 -1 -1 -1 
203 0 431 159 468 272 -1 -1 -1 -1 
203 0 573 104 591 160 -1 -1 -1 -1 
203 5 676 51 739 138 -1 -1 -1 -1 
203 2 769 123 829 165 -1 -1 -1 -1 
203 2 783 161 853 218 -1 -1 -1 -1 
205 2 30 259 253 423 -1 -1 -1 -1 
205 0 431 159 468 272 -1 -1 -1 -1 
205 0 573 103 591 160 -1 -1 -1 -1 
205 5 676 50 739 138 -1 -1 -1 -1 
205 2 769 123 829 165 -1 -1 -1 -1 
205 2 783 158 855 216 -1 -1 -1 -1 
207 2 29 259 254 423 -1 -1 -1 -1 
207 0 431 159 468 273 -1 -1 -1 -1 
207 0 573 103 591 160 -1 -1 -1 -1 
207 5 676 51 739 138 -1 -1 -1 -1 
207 2 769 124 828 165 -1 -1 -1 -1 
207 2 783 156 858 216 -1 -1 -1 -1 
209 2 29 259 254 423 -1 -1 -1 -1 
209 0 431 159 468 273 -1 -1 -1 -1 
209 0 573 104 591 160 -1 -1 -1 -1 
209 5 676 51 739 138 -1 -1 -1 -1 
209 2 770 124 828 164 -1 -1 -1 -1 
209 2 783 155 861 218 -1 -1 -1 -1 
211 2 29 259 254 423 -1 -1 -1 -1 
211 0 431 159 468 272 -1 -1 -1 -1 
211 0 573 104 591 160 -1 -1 -1 -1 
211 5 677 52 738 138 -1 -1 -1 -1 
211 2 770 124 828 163 -1 -1 -1 -1 
211 2 781 154 863 219 -1 -1 -1 -1 
213 2 29 259 254 423 -1 -1 -1 -1 
213 0 431 159 468 272 -1 -1 -1 -1 
213 0 573 104 591 160 -1 -1 -1 -1 
213 5 677 51 739 138 -1 -1 -1 -1 
213 2 770 124 828 162 -1 -1 -1 -1 
213 2 781 153 864 219 -1 -1 -1 -1 
215 2 29 259 254 424 -1 -1 -1 -1 
215 0 431 159 468 272 -1 -1 -1 -1 
215 0 573 104 591 160 -1 -1 -1 -1 
215 5 677 51 738 137 -1 -1 -1 -1 
215 2 770 124 827 162 -1 -1 -1 -1 
215 2 780 151 862 218 -1 -1 -1 -1 
217 2 29 259 254 424 -1 -1 -1 -1 
217 0 431 159 467 271 -1 -1 -1 -1 
217 0 573 104 591 160 -1 -1 -1 -1 
217 5 677 51 739 137 -1 -1 -1 -1 
217 2 771 124 828 161 -1 -1 -1 -1 
217 2 779 150 861 217 -1 -1 -1 -1 
219 2 29 259 254 424 -1 -1 -1 -1 
219 0 431 159 468 272 -1 -1 -1 -1 
219 0 574 104 590 160 -1 -1 -1 -1 
219 5 677 52 739 137 -1 -1 -1 -1 
219 2 771 124 826 159 -1 -1 -1 -1 
219 2 780 149 862 216 -1 -1 -1 -1 
221 2 30 259 253 423 -1 -1 -1 -1 
221 0 431 159 467 272 -1 -1 -1 -1 
221 0 574 105 590 160 -1 -1 -1 -1 
221 5 677 52 738 137 -1 -1 -1 -1 
221 2 771 124 825 158 -1 -1 -1 -1 
221 2 780 148 863 216 -1 -1 -1 -1 
223 2 30 259 253 423 -1 -1 -1 -1 
223 0 431 159 467 272 -1 -1 -1 -1 
223 0 574 105 590 160 -1 -1 -1 -1 
223 5 677 52 738 137 -1 -1 -1 -1 
223 2 769 124 826 160 -1 -1 -1 -1 
223 2 780 146 862 214 -1 -1 -1 -1 
225 2 29 259 254 423 -1 -1 -1 -1 
225 0 431 159 468 273 -1 -1 -1 -1 
225 0 574 104 591 160 -1 -1 -1 -1 
225 5 677 53 738 137 -1 -1 -1 -1 
225 2 769 124 825 159 -1 -1 -1 -1 
225 2 781 145 863 213 -1 -1 -1 -1 
227 2 29 259 254 423 -1 -1 -1 -1 
227 0 431 159 468 273 -1 -1 -1 -1 
227 0 574 104 591 160 -1 -1 -1 -1 
227 5 677 53 738 137 -1 -1 -1 -1 
227 2 768 124 825 160 -1 -1 -1 -1 
227 2 782 144 864 212 -1 -1 -1 -1 
229 2 30 259 253 423 -1 -1 -1 -1 
229 0 431 159 467 273 -1 -1 -1 -1 
229 0 573 104 591 160 -1 -1 -1 -1 
229 5 677 53 738 137 -1 -1 -1 -1 
229 2 767 124 826 161 -1 -1 -1 -1 
229 2 777 143 859 212 -1 -1 -1 -1 
231 2 30 259 253 423 -1 -1 -1 -1 
231 0 431 159 468 273 -1 -1 -1 -1 
231 0 573 103 591 160 -1 -1 -1 -1 
231 5 677 52 739 137 -1 -1 -1 -1 
231 2 768 124 826 161 -1 -1 -1 -1 
231 2 777 142 858 212 -1 -1 -1 -1 
233 2 30 259 253 422 -1 -1 -1 -1 
233 0 431 159 468 273 -1 -1 -1 -1 
233 0 574 105 591 160 -1 -1 -1 -1 
233 5 677 52 739 137 -1 -1 -1 -1 
233 2 771 124 831 160 -1 -1 -1 -1 
233 2 776 141 858 212 -1 -1 -1 -1 
235 2 42 258 240 400 -1 -1 -1 -1 
235 0 431 159 468 273 -1 -1 -1 -1 
235 0 574 105 591 160 -1 -1 -1 -1 
235 5 677 52 739 137 -1 -1 -1 -1 
235 2 770 124 829 160 -1 -1 -1 -1 
235 2 774 140 856 212 -1 -1 -1 -1 
235 2 76 345 187 627 -1 -1 -1 -1 
237 2 47 258 234 388 -1 -1 -1 -1 
237 0 431 159 467 273 -1 -1 -1 -1 
237 0 573 104 591 160 -1 -1 -1 -1 
237 5 677 51 739 137 -1 -1 -1 -1 
237 2 770 124 829 159 -1 -1 -1 -1 
237 2 775 139 856 211 -1 -1 -1 -1 
237 2 96 330 216 621 -1 -1 -1 -1 
239 2 59 257 222 366 -1 -1 -1 -1 
239 0 431 159 468 273 -1 -1 -1 -1 
239 0 573 104 591 160 -1 -1 -1 -1 
239 5 677 51 739 137 -1 -1 -1 -1 
239 2 770 124 828 158 -1 -1 -1 -1 
239 2 774 137 856 210 -1 -1 -1 -1 
239 2 113 314 248 625 -1 -1 -1 -1 
241 2 75 257 190 323 -1 -1 -1 -1 
241 0 431 159 467 273 -1 -1 -1 -1 
241 0 573 104 591 160 -1 -1 -1 -1 
241 5 677 51 739 137 -1 -1 -1 -1 
241 2 770 124 828 158 -1 -1 -1 -1 
241 2 783 136 866 209 -1 -1 -1 -1 
241 2 120 292 280 642 -1 -1 -1 -1 
241 0 608 99 628 165 -1 -1 -1 -1 
243 2 85 257 178 311 -1 -1 -1 -1 
243 0 431 159 468 273 -1 -1 -1 -1 
243 0 573 104 590 160 -1 -1 -1 -1 
243 5 676 51 739 138 -1 -1 -1 -1 
243 2 783 136 865 207 -1 -1 -1 -1 
243 7 129 270 310 642 -1 -1 -1 -1 
243 0 609 99 627 161 -1 -1 -1 -1 
245 0 431 159 467 273 -1 -1 -1 -1 
245 0 573 105 590 160 -1 -1 -1 -1 
245 5 676 50 739 138 -1 -1 -1 -1 
245 2 776 134 857 205 -1 -1 -1 -1 
245 7 144 267 335 625 -1 -1 -1 -1 
245 0 611 99 625 148 -1 -1 -1 -1 
247 0 431 159 467 272 -1 -1 -1 -1 
247 0 573 105 591 160 -1 -1 -1 -1 
247 5 676 50 739 138 -1 -1 -1 -1 
247 2 783 133 866 204 -1 -1 -1 -1 
247 7 156 262 359 610 -1 -1 -1 -1 
247 0 612 100 623 138 -1 -1 -1 -1 
249 0 432 159 467 270 -1 -1 -1 -1 
249 0 573 105 591 160 -1 -1 -1 -1 
249 5 676 50 739 139 -1 -1 -1 -1 
249 2 785 132 869 201 -1 -1 -1 -1 
249 0 638 91 655 134 -1 -1 -1 -1 
249 7 166 256 381 588 -1 -1 -1 -1 
249 0 611 99 625 144 -1 -1 -1 -1 
249 2 0 259 257 415 -1 -1 -1 -1 
251 0 432 158 467 267 -1 -1 -1 -1 
251 0 573 103 591 160 -1 -1 -1 -1 
251 5 677 51 738 138 -1 -1 -1 -1 
251 2 780 130 863 199 -1 -1 -1 -1 
251 0 637 91 655 134 -1 -1 -1 -1 
251 7 193 246 419 565 -1 -1 -1 -1 
251 0 611 99 625 142 -1 -1 -1 -1 
251 2 0 259 267 415 -1 -1 -1 -1 
253 0 435 158 466 253 -1 -1 -1 -1 
253 0 573 103 591 160 -1 -1 -1 -1 
253 5 677 51 738 138 -1 -1 -1 -1 
253 2 772 129 852 197 -1 -1 -1 -1 
253 7 223 238 459 547 -1 -1 -1 -1 
253 2 0 259 264 413 -1 -1 -1 -1 
255 0 436 158 464 238 -1 -1 -1 -1 
255 0 573 104 591 160 -1 -1 -1 -1 
255 5 677 51 739 138 -1 -1 -1 -1 
255 2 769 129 847 195 -1 -1 -1 -1 
255 7 254 232 497 529 -1 -1 -1 -1 
257 0 438 158 463 227 -1 -1 -1 -1 
257 0 573 102 591 160 -1 -1 -1 -1 
257 5 677 51 739 138 -1 -1 -1 -1 
257 2 769 128 845 194 -1 -1 -1 -1 
257 0 653 89 670 133 -1 -1 -1 -1 
257 7 286 222 535 509 -1 -1 -1 -1 
259 0 438 158 462 223 -1 -1 -1 -1 
259 0 573 102 591 160 -1 -1 -1 -1 
259 5 677 51 739 137 -1 -1 -1 -1 
259 2 769 126 843 192 -1 -1 -1 -1 
259 0 654 88 672 133 -1 -1 -1 -1 
259 7 316 217 567 492 -1 -1 -1 -1 
259 2 29 259 252 422 -1 -1 -1 -1 
261 0 437 159 463 225 -1 -1 -1 -1 
261 0 572 101 591 160 -1 -1 -1 -1 
261 5 677 49 739 138 -1 -1 -1 -1 
261 2 769 125 842 191 -1 -1 -1 -1 
261 0 654 88 672 133 -1 -1 -1 -1 
261 7 341 210 599 482 -1 -1 -1 -1 
261 2 30 259 253 421 -1 -1 -1 -1 
263 0 438 159 462 222 -1 -1 -1 -1 
263 0 573 103 590 160 -1 -1 -1 -1 
263 5 676 48 739 138 -1 -1 -1 -1 
263 2 768 124 840 189 -1 -1 -1 -1 
263 0 655 89 672 133 -1 -1 -1 -1 
263 7 371 205 626 465 -1 -1 -1 -1 
263 2 30 259 254 421 -1 -1 -1 -1 
265 0 573 104 590 160 -1 -1 -1 -1 
265 5 676 48 739 138 -1 -1 -1 -1 
265 2 768 124 838 188 -1 -1 -1 -1 
265 0 652 89 673 142 -1 -1 -1 -1 
265 7 396 202 652 455 -1 -1 -1 -1 
265 2 30 259 254 421 -1 -1 -1 -1 
267 0 572 102 590 160 -1 -1 -1 -1 
267 5 676 50 739 139 -1 -1 -1 -1 
267 2 769 124 837 187 -1 -1 -1 -1 
267 0 652 88 673 144 -1 -1 -1 -1 
267 7 419 191 676 439 -1 -1 -1 -1 
267 2 30 259 254 421 -1 -1 -1 -1 
269 0 572 102 591 160 -1 -1 -1 -1 
269 5 676 50 739 139 -1 -1 -1 -1 
269 2 768 124 835 186 -1 -1 -1 -1 
269 0 651 88 673 146 -1 -1 -1 -1 
269 7 443 186 697 427 -1 -1 -1 -1 
269 2 30 259 254 421 -1 -1 -1 -1 
271 0 573 103 591 160 -1 -1 -1 -1 
271 5 677 51 738 138 -1 -1 -1 -1 
271 2 768 124 833 184 -1 -1 -1 -1 
271 0 651 88 673 147 -1 -1 -1 -1 
271 7 462 178 715 414 -1 -1 -1 -1 
271 2 30 259 253 421 -1 -1 -1 -1 
273 0 573 103 591 160 -1 -1 -1 -1 
273 5 677 51 738 138 -1 -1 -1 -1 
273 2 769 124 832 183 -1 -1 -1 -1 
273 0 650 87 673 147 -1 -1 -1 -1 
273 7 482 178 732 408 -1 -1 -1 -1 
273 2 29 259 254 422 -1 -1 -1 -1 
275 0 573 103 591 160 -1 -1 -1 -1 
275 5 677 51 738 138 -1 -1 -1 -1 
275 2 769 124 831 181 -1 -1 -1 -1 
275 0 650 87 672 148 -1 -1 -1 -1 
275 7 502 175 747 399 -1 -1 -1 -1 
275 2 29 259 254 422 -1 -1 -1 -1 
277 0 573 103 591 160 -1 -1 -1 -1 
277 5 677 52 738 137 -1 -1 -1 -1 
277 2 770 123 830 180 -1 -1 -1 -1 
277 0 650 87 671 145 -1 -1 -1 -1 
277 7 519 173 760 392 -1 -1 -1 -1 
277 2 30 259 254 422 -1 -1 -1 -1 
277 0 431 159 468 272 -1 -1 -1 -1 
279 5 677 52 738 137 -1 -1 -1 -1 
279 2 770 123 830 178 -1 -1 -1 -1 
279 0 650 87 672 146 -1 -1 -1 -1 
279 5 536 171 771 385 -1 -1 -1 -1 
279 2 30 259 253 422 -1 -1 -1 -1 
279 0 431 159 468 272 -1 -1 -1 -1 
281 5 677 52 738 137 -1 -1 -1 -1 
281 2 769 123 828 177 -1 -1 -1 -1 
281 5 553 168 777 372 -1 -1 -1 -1 
281 2 30 259 253 422 -1 -1 -1 -1 
281 0 431 159 468 273 -1 -1 -1 -1 
283 5 678 52 738 137 -1 -1 -1 -1 
283 2 769 123 826 176 -1 -1 -1 -1 
283 5 567 165 789 368 -1 -1 -1 -1 
283 2 29 259 254 422 -1 -1 -1 -1 
283 0 431 159 468 272 -1 -1 -1 -1 
285 5 677 51 739 137 -1 -1 -1 -1 
285 2 768 123 825 175 -1 -1 -1 -1 
285 5 581 160 797 358 -1 -1 -1 -1 
285 2 29 259 254 422 -1 -1 -1 -1 
285 0 431 159 468 272 -1 -1 -1 -1 
287 5 677 50 739 137 -1 -1 -1 -1 
287 2 770 123 824 173 -1 -1 -1 -1 
287 5 595 156 805 351 -1 -1 -1 -1 
287 2 29 259 254 422 -1 -1 -1 -1 
287 0 431 160 468 272 -1 -1 -1 -1 
289 5 677 50 739 137 -1 -1 -1 -1 
289 2 769 123 822 172 -1 -1 -1 -1 
289 0 652 87 670 135 -1 -1 -1 -1 
289 7 608 151 813 343 -1 -1 -1 -1 
289 2 30 259 254 422 -1 -1 -1 -1 
289 0 431 160 468 272 -1 -1 -1 -1 
291 5 675 43 740 137 -1 -1 -1 -1 
291 2 772 123 825 170 -1 -1 -1 -1 
291 0 652 87 669 134 -1 -1 -1 -1 
291 7 618 144 821 336 -1 -1 -1 -1 
291 2 30 259 253 422 -1 -1 -1 -1 
291 0 431 160 468 271 -1 -1 -1 -1 
293 5 675 46 740 138 -1 -1 -1 -1 
293 2 773 123 824 168 -1 -1 -1 -1 
293 0 653 87 670 134 -1 -1 -1 -1 
293 7 656 139 862 328 -1 -1 -1 -1 
293 2 30 259 253 422 -1 -1 -1 -1 
293 0 431 160 468 271 -1 -1 -1 -1 
295 5 676 48 739 138 -1 -1 -1 -1 
295 0 653 87 670 133 -1 -1 -1 -1 
295 5 651 137 847 320 -1 -1 -1 -1 
295 2 30 259 253 421 -1 -1 -1 -1 
295 0 431 160 468 271 -1 -1 -1 -1 
297 5 677 50 738 137 -1 -1 -1 -1 
297 0 653 88 670 133 -1 -1 -1 -1 
297 5 653 135 842 315 -1 -1 -1 -1 
297 2 30 259 253 421 -1 -1 -1 -1 
297 0 431 160 468 270 -1 -1 -1 -1 
297 0 641 91 655 134 -1 -1 -1 -1 
299 0 573 102 591 160 -1 -1 -1 -1 
299 5 677 51 738 137 -1 -1 -1 -1 
299 0 653 88 670 134 -1 -1 -1 -1 
299 7 662 131 844 308 -1 -1 -1 -1 
299 2 30 259 253 421 -1 -1 -1 -1 
299 0 431 160 467 270 -1 -1 -1 -1 
299 0 641 90 655 133 -1 -1 -1 -1 
301 0 573 103 591 160 -1 -1 -1 -1 
301 5 676 48 739 137 -1 -1 -1 -1 
301 0 652 88 670 133 -1 -1 -1 -1 
301 7 670 126 849 302 -1 -1 -1 -1 
301 2 30 259 253 421 -1 -1 -1 -1 
301 0 432 160 468 271 -1 -1 -1 -1 
301 0 641 90 655 133 -1 -1 -1 -1 
303 0 573 103 591 160 -1 -1 -1 -1 
303 5 677 50 738 137 -1 -1 -1 -1 
303 0 653 88 670 133 -1 -1 -1 -1 
303 7 681 127 852 297 -1 -1 -1 -1 
303 2 30 259 253 421 -1 -1 -1 -1 
303 0 432 160 468 271 -1 -1 -1 -1 
305 0 573 103 590 160 -1 -1 -1 -1 
305 5 677 50 738 137 -1 -1 -1 -1 
305 0 652 89 670 133 -1 -1 -1 -1 
305 7 693 125 858 291 -1 -1 -1 -1 
305 2 30 259 253 421 -1 -1 -1 -1 
305 0 432 160 468 271 -1 -1 -1 -1 
307 0 573 103 590 159 -1 -1 -1 -1 
307 5 677 49 739 137 -1 -1 -1 -1 
307 0 653 89 671 133 -1 -1 -1 -1 
307 7 699 125 858 286 -1 -1 -1 -1 
307 2 29 259 254 422 -1 -1 -1 -1 
307 0 432 160 468 271 -1 -1 -1 -1 
309 0 573 103 590 159 -1 -1 -1 -1 
309 5 676 49 739 137 -1 -1 -1 -1 
309 0 654 90 671 133 -1 -1 -1 -1 
309 5 705 125 858 282 -1 -1 -1 -1 
309 2 29 259 254 422 -1 -1 -1 -1 
309 0 432 160 468 272 -1 -1 -1 -1 
311 0 573 103 590 159 -1 -1 -1 -1 
311 5 676 50 739 137 -1 -1 -1 -1 
311 0 654 90 671 132 -1 -1 -1 -1 
311 7 710 125 859 280 -1 -1 -1 -1 
311 2 29 259 254 422 -1 -1 -1 -1 
311 0 432 160 468 272 -1 -1 -1 -1 
313 0 573 103 590 159 -1 -1 -1 -1 
313 5 676 50 738 137 -1 -1 -1 -1 
313 7 715 124 859 276 -1 -1 -1 -1 
313 2 29 259 254 422 -1 -1 -1 -1 
313 0 432 160 468 272 -1 -1 -1 -1 
315 0 573 103 590 159 -1 -1 -1 -1 
315 5 676 50 738 138 -1 -1 -1 -1 
315 7 720 124 859 273 -1 -1 -1 -1 
315 2 29 259 254 422 -1 -1 -1 -1 
315 0 432 160 468 272 -1 -1 -1 -1 
317 0 573 103 590 160 -1 -1 -1 -1 
317 5 677 52 737 136 -1 -1 -1 -1 
317 7 726 124 859 269 -1 -1 -1 -1 
317 2 29 259 254 422 -1 -1 -1 -1 
317 0 432 160 468 272 -1 -1 -1 -1 
319 0 572 103 590 160 -1 -1 -1 -1 
319 5 677 51 738 137 -1 -1 -1 -1 
319 7 733 122 864 264 -1 -1 -1 -1 
319 2 29 259 254 422 -1 -1 -1 -1 
319 0 432 160 468 272 -1 -1 -1 -1 
321 0 573 103 590 160 -1 -1 -1 -1 
321 5 677 51 738 137 -1 -1 -1 -1 
321 2 30 259 253 422 -1 -1 -1 -1 
321 0 432 160 468 272 -1 -1 -1 -1 
323 0 573 102 590 160 -1 -1 -1 -1 
323 5 677 51 738 137 -1 -1 -1 -1 
323 2 30 259 253 421 -1 -1 -1 -1 
323 0 432 160 468 272 -1 -1 -1 -1 
325 0 573 103 589 160 -1 -1 -1 -1 
325 5 677 52 738 137 -1 -1 -1 -1 
325 5 750 127 856 242 -1 -1 -1 -1 
325 2 30 259 253 421 -1 -1 -1 -1 
325 0 432 160 468 272 -1 -1 -1 -1 
327 0 573 103 589 160 -1 -1 -1 -1 
327 5 677 52 738 138 -1 -1 -1 -1 
327 5 757 127 859 236 -1 -1 -1 -1 
327 2 30 259 253 421 -1 -1 -1 -1 
327 0 432 160 468 272 -1 -1 -1 -1 
329 0 573 103 589 160 -1 -1 -1 -1 
329 5 676 52 738 138 -1 -1 -1 -1 
329 0 651 90 671 138 -1 -1 -1 -1 
329 2 30 259 253 421 -1 -1 -1 -1 
329 0 432 160 468 272 -1 -1 -1 -1 
